Backwards Gauss-Seidel: 41 iterations in 0.00 seconds (average 0.000000, setup 0.00)

Printing steady-state probabilities in plain text format below:
0:(0,0,0,0,1,5,0)=6.759289711621776E-4
1:(0,0,0,1,1,4,0)=0.0023828834330176874
2:(0,0,0,2,1,3,0)=0.0060447738231271895
3:(0,0,0,3,1,2,0)=0.01038708005899839
4:(0,0,0,4,0,0,1)=0.009491932640966781
5:(0,0,0,4,1,1,0)=0.006833762773968309
6:(0,0,0,5,1,0,0)=2.89493381039214E-13
7:(0,0,1,0,1,4,0)=3.379644855810888E-8
8:(0,0,1,1,1,3,0)=7.841830365898554E-8
9:(0,0,1,2,1,2,0)=1.421353570953098E-7
10:(0,0,1,3,0,0,1)=0.03703350316152644
11:(0,0,1,3,1,1,0)=1.3667460373133112E-7
12:(0,0,1,4,1,0,0)=3.820789522084241E-13
13:(0,0,2,0,1,3,0)=3.733092607317723E-12
14:(0,0,2,1,1,2,0)=4.21047517844253E-12
15:(0,0,2,2,0,0,1)=0.05626820803589658
16:(0,0,2,2,1,1,0)=3.1188801910462794E-12
17:(0,0,2,3,1,0,0)=3.2584150613200283E-13
18:(0,0,3,0,1,2,0)=2.2721327898682794E-12
19:(0,0,3,1,0,0,1)=0.053094014551462926
20:(0,0,3,1,1,1,0)=1.6199521572730936E-12
21:(0,0,3,2,1,0,0)=4.1407571673851166E-13
22:(0,0,4,0,0,0,1)=0.025512795076368455
23:(0,0,4,0,1,1,0)=1.4350637204894161E-12
24:(0,0,4,1,1,0,0)=4.2492435958246124E-13
25:(0,0,5,0,1,0,0)=6.378175251190755E-13
26:(0,1,0,0,1,4,0)=1.6897033661721944E-8
27:(0,1,0,1,1,3,0)=3.920785759850588E-8
28:(0,1,0,2,1,2,0)=7.106699744863666E-8
29:(0,1,0,3,0,0,1)=4.745937371145287E-8
30:(0,1,0,3,1,1,0)=6.833724566073088E-8
31:(0,1,0,4,1,0,0)=2.89493381039214E-13
32:(0,1,1,0,1,3,0)=7.305359051138315E-13
33:(0,1,1,1,1,2,0)=1.0860249873278379E-12
34:(0,1,1,2,0,0,1)=9.024838630577426E-8
35:(0,1,1,2,1,1,0)=1.1533144005027311E-12
36:(0,1,1,3,1,0,0)=1.8517114233842008E-13
37:(0,1,2,0,1,2,0)=4.1855725601733023E-13
38:(0,1,2,1,0,0,1)=1.0084394172642826E-7
39:(0,1,2,1,1,1,0)=3.982068621042162E-13
40:(0,1,2,2,1,0,0)=2.813407275871654E-13
41:(0,1,3,0,0,0,1)=6.378177522874134E-8
42:(0,1,3,0,1,1,0)=3.986302730037727E-13
43:(0,1,3,1,1,0,0)=2.654699783026924E-13
44:(0,1,4,0,1,0,0)=3.189087625595377E-13
45:(0,2,0,0,1,3,0)=1.5351022200995963E-13
46:(0,2,0,1,1,2,0)=3.273276716932198E-13
47:(0,2,0,2,0,0,1)=3.258991382856762E-13
48:(0,2,0,2,1,1,0)=3.6565614176243506E-13
49:(0,2,0,3,1,0,0)=2.301667775859467E-18
50:(0,2,1,0,1,2,0)=3.87086356476409E-18
51:(0,2,1,1,0,0,1)=3.9330960906274164E-13
52:(0,2,1,1,1,1,0)=4.402795957811558E-18
53:(0,2,1,2,1,0,0)=4.512681631596893E-19
54:(0,2,2,0,0,0,1)=2.5713822623578566E-13
55:(0,2,2,0,1,1,0)=9.966564521718515E-19
56:(0,2,2,1,1,0,0)=5.0422540775558E-19
57:(0,2,3,0,1,0,0)=7.97281327422219E-19
58:(0,3,0,0,1,2,0)=1.4122127004242177E-18
59:(0,3,0,1,0,0,1)=1.819593406606676E-18
60:(0,3,0,1,1,1,0)=1.823227087605607E-18
61:(0,3,0,2,1,0,0)=1.3215155286362871E-23
62:(0,3,1,0,0,0,1)=1.5083493595987976E-18
63:(0,3,1,0,1,1,0)=2.674750616267541E-23
64:(0,3,1,1,1,0,0)=1.966780715988899E-24
65:(0,3,2,0,1,0,0)=3.2144777208293217E-24
66:(0,4,0,0,0,0,1)=9.673690148573528E-24
67:(0,4,0,0,1,1,0)=1.1364879210029506E-23
68:(0,4,0,1,1,0,0)=1.2233015827903263E-28
69:(0,4,1,0,1,0,0)=1.2686533373062367E-28
70:(0,5,0,0,1,0,0)=5.400566923254535E-29
71:(1,0,0,0,1,4,0)=0.005069104633060719
72:(1,0,0,1,1,3,0)=0.011762350949603626
73:(1,0,0,2,1,2,0)=0.021320093304378673
74:(1,0,0,3,0,0,1)=0.014237774303870784
75:(1,0,0,3,1,1,0)=0.020501186952736516
76:(1,0,0,4,1,0,0)=1.1579712224890801E-7
77:(1,0,1,0,1,3,0)=2.1965878364952294E-7
78:(1,0,1,1,1,2,0)=3.2912555934568777E-7
79:(1,0,1,2,0,0,1)=0.027074437988022632
80:(1,0,1,2,1,1,0)=3.6006117212469355E-7
81:(1,0,1,3,1,0,0)=9.258506570883856E-8
82:(1,0,2,0,1,2,0)=1.275599380483539E-7
83:(1,0,2,1,0,0,1)=0.03025310043008215
84:(1,0,2,1,1,1,0)=1.3273516499344258E-7
85:(1,0,2,2,1,0,0)=1.4067022311740932E-7
86:(1,0,3,0,0,0,1)=0.019134486484866944
87:(1,0,3,0,1,1,0)=1.275614322445379E-7
88:(1,0,3,1,1,0,0)=1.327348085781319E-7
89:(1,0,4,0,1,0,0)=1.2756334556754958E-7
90:(1,1,0,0,1,3,0)=4.605314004729745E-8
91:(1,1,0,1,1,2,0)=9.819837466244349E-8
92:(1,1,0,2,0,0,1)=9.776949230915376E-8
93:(1,1,0,2,1,1,0)=1.096969807353472E-7
94:(1,1,0,3,1,0,0)=9.20665788828258E-13
95:(1,1,1,0,1,2,0)=1.1662449823307366E-12
96:(1,1,1,1,0,0,1)=1.1799251949319344E-7
97:(1,1,1,1,1,1,0)=1.3460521528732855E-12
98:(1,1,1,2,1,0,0)=2.256312418707158E-13
99:(1,1,2,0,0,0,1)=7.714124434743613E-8
100:(1,1,2,0,1,1,0)=3.1893009528173835E-13
101:(1,1,2,1,1,0,0)=2.5211198907387465E-13
102:(1,1,3,0,1,0,0)=3.189118880733434E-13
103:(1,2,0,0,1,2,0)=4.236639598020499E-13
104:(1,2,0,1,0,0,1)=5.458766428941627E-13
105:(1,2,0,1,1,1,0)=5.469686163427771E-13
106:(1,2,0,2,1,0,0)=5.2860498815293204E-18
107:(1,2,1,0,0,0,1)=4.5250343063821785E-13
108:(1,2,1,0,1,1,0)=8.104605598487494E-18
109:(1,2,1,1,1,0,0)=9.833532054294207E-19
110:(1,2,2,0,1,0,0)=1.2857657152649824E-18
111:(1,3,0,0,0,0,1)=2.9020996484013047E-18
112:(1,3,0,0,1,1,0)=3.4094624413546887E-18
113:(1,3,0,1,1,0,0)=4.3531496388358516E-23
114:(1,3,1,0,1,0,0)=3.994499964574039E-23
115:(1,4,0,0,1,0,0)=1.6201700769763604E-23
116:(2,0,0,0,1,3,0)=0.013815942014117651
117:(2,0,0,1,1,2,0)=0.029459512398670652
118:(2,0,0,2,0,0,1)=0.029330847692741416
119:(2,0,0,2,1,1,0)=0.032909094220548045
120:(2,0,0,3,1,0,0)=2.7619972252286105E-7
121:(2,0,1,0,1,2,0)=3.4987349857097716E-7
122:(2,0,1,1,0,0,1)=0.035397755847941435
123:(2,0,1,1,1,1,0)=4.0381564856705056E-7
124:(2,0,1,2,1,0,0)=6.768932279124017E-8
125:(2,0,2,0,0,0,1)=0.023142373304212326
126:(2,0,2,0,1,1,0)=9.567902912985034E-8
127:(2,0,2,1,1,0,0)=7.563354118046268E-8
128:(2,0,3,0,1,0,0)=9.567352874816597E-8
129:(2,1,0,0,1,2,0)=1.270991879413386E-7
130:(2,1,0,1,0,0,1)=1.6376299286826015E-7
131:(2,1,0,1,1,1,0)=1.6409058490321657E-7
132:(2,1,0,2,1,0,0)=1.5858149985041648E-12
133:(2,1,1,0,0,0,1)=1.357510291913611E-7
134:(2,1,1,0,1,1,0)=2.4313816470834018E-12
135:(2,1,1,1,1,0,0)=2.9500564883000365E-13
136:(2,1,2,0,1,0,0)=3.8572948500807475E-13
137:(2,2,0,0,0,0,1)=8.706298945202252E-13
138:(2,2,0,0,1,1,0)=1.0228387324068975E-12
139:(2,2,0,1,1,0,0)=1.305944841780014E-17
140:(2,2,1,0,1,0,0)=1.1983498373050005E-17
141:(2,3,0,0,1,0,0)=4.860510230912349E-18
142:(3,0,0,0,1,2,0)=0.038129756382401576
143:(3,0,0,1,0,0,1)=0.04912889786047805
144:(3,0,0,1,1,1,0)=0.049227175470964966
145:(3,0,0,2,1,0,0)=4.7574449955110326E-7
146:(3,0,1,0,0,0,1)=0.04072530875740834
147:(3,0,1,0,1,1,0)=7.294144941250345E-7
148:(3,0,1,1,1,0,0)=8.850169464898993E-8
149:(3,0,2,0,1,0,0)=1.1571884550240066E-7
150:(3,1,0,0,0,0,1)=2.611889683560676E-7
151:(3,1,0,0,1,1,0)=3.0685161972206924E-7
152:(3,1,0,1,1,0,0)=3.9178345253410156E-12
153:(3,1,1,0,1,0,0)=3.59504951191479E-12
154:(3,2,0,0,1,0,0)=1.4581530692737044E-12
155:(4,0,0,0,0,0,1)=0.07835669050682029
156:(4,0,0,0,1,1,0)=0.09205548591662076
157:(4,0,0,1,1,0,0)=1.1753503576023044E-6
158:(4,0,1,0,1,0,0)=1.0785148535744371E-6
159:(4,1,0,0,1,0,0)=4.374459207821114E-7
160:(5,0,0,0,1,0,0)=0.1312337762346334

Time for steady-state probability computation: 0.002 seconds.